Points:

90,166 ; 118,359
95,165 ; 123,358
100,165 ; 127,357
105,164 ; 132,356
110,163 ; 136,356
115,163 ; 141,355
120,162 ; 145,354
125,161 ; 150,354
130,161 ; 155,353
135,160 ; 159,352
140,159 ; 164,351
145,159 ; 168,351
150,158 ; 173,350
156,157 ; 179,349
161,157 ; 183,349
166,156 ; 188,348
171,156 ; 192,347
176,155 ; 197,347
181,155 ; 201,346
187,154 ; 207,345
192,153 ; 212,345
197,153 ; 216,344
202,152 ; 221,344
207,152 ; 225,343
213,151 ; 231,342
218,151 ; 236,342
223,150 ; 240,341
228,150 ; 245,341
234,149 ; 251,340
239,149 ; 255,339
244,149 ; 260,339
250,148 ; 265,338
255,148 ; 270,338
260,147 ; 275,337
266,147 ; 280,337
271,146 ; 285,336
276,146 ; 289,336
282,146 ; 295,335
287,145 ; 300,335
292,145 ; 304,334
298,145 ; 310,334
303,144 ; 315,333
309,144 ; 320,333
314,144 ; 325,332
319,143 ; 330,332
325,143 ; 335,332
330,143 ; 340,331
336,143 ; 345,331
341,142 ; 350,330
346,142 ; 355,330
352,142 ; 360,330
357,142 ; 365,329
363,141 ; 371,329
368,141 ; 375,329
374,141 ; 381,328
379,141 ; 385,328
385,140 ; 391,328
390,140 ; 396,327
396,140 ; 401,327
401,140 ; 406,327
406,140 ; 411,326
412,140 ; 416,326
417,140 ; 421,326
423,140 ; 427,326
428,139 ; 431,325
434,139 ; 437,325
439,139 ; 442,325
445,139 ; 447,325
450,139 ; 452,325
456,139 ; 457,325
461,139 ; 462,324
467,139 ; 468,324
472,139 ; 472,324
478,139 ; 478,324
483,139 ; 483,324
489,139 ; 488,324
494,139 ; 493,324
500,139 ; 499,324
505,139 ; 503,324
511,139 ; 509,324
516,139 ; 513,324
522,139 ; 519,324
527,139 ; 524,324
533,140 ; 529,324
538,140 ; 534,324
543,140 ; 539,324
549,140 ; 544,324
554,140 ; 549,324
560,140 ; 554,324
565,140 ; 559,324
571,141 ; 565,324
576,141 ; 569,324
582,141 ; 575,324
587,141 ; 580,325
592,141 ; 584,325
598,142 ; 590,325
603,142 ; 594,325
609,142 ; 600,325
614,142 ; 605,326
620,143 ; 610,326

Diameter in mm:

9,751
9,751
9,694
9,694
9,737
9,688
9,681
9,731
9,681
9,675
9,675
9,669
9,669
9,669
9,663
9,663
9,608
9,657
9,602
9,602
9,652
9,597
9,647
9,592
9,592
9,592
9,588
9,588
9,588
9,534
9,534
9,530
9,530
9,530
9,526
9,526
9,522
9,472
9,522
9,469
9,469
9,469
9,466
9,416
9,466
9,463
9,413
9,411
9,411
9,411
9,409
9,359
9,409
9,407
9,357
9,355
9,405
9,355
9,353
9,353
9,303
9,302
9,302
9,302
9,301
9,301
9,301
9,301
9,301
9,300
9,250
9,250
9,250
9,250
9,250
9,250
9,250
9,250
9,251
9,251
9,251
9,251
9,251
9,202
9,202
9,202
9,203
9,203
9,205
9,205
9,155
9,157
9,157
9,207
9,209
9,159
9,161
9,161
9,211
9,164

------------

Mean: 9,423
StandardDeviation: 0,182
