Points:

168,386 ; 106,253
170,385 ; 111,250
171,384 ; 114,248
173,382 ; 117,246
175,381 ; 121,243
176,380 ; 125,241
178,379 ; 128,239
180,378 ; 132,237
182,376 ; 135,235
184,375 ; 138,233
186,374 ; 142,231
188,372 ; 144,229
190,371 ; 147,227
192,370 ; 150,225
194,368 ; 154,224
196,367 ; 157,222
198,365 ; 159,220
201,364 ; 163,218
203,362 ; 166,217
205,361 ; 167,216
207,360 ; 170,214
210,358 ; 173,212
212,357 ; 176,211
215,355 ; 179,210
217,353 ; 182,208
220,352 ; 185,207
223,350 ; 187,205
225,349 ; 190,204
228,347 ; 194,202
231,346 ; 196,201
233,344 ; 199,199
236,343 ; 202,198
239,341 ; 204,197
242,339 ; 207,196
245,338 ; 209,195
248,336 ; 212,193
251,335 ; 215,192
254,333 ; 217,191
257,331 ; 221,189
260,330 ; 223,188
263,328 ; 226,187
266,326 ; 229,186
270,325 ; 231,184
273,323 ; 234,184
276,322 ; 237,182
279,320 ; 240,181
283,318 ; 243,180
286,317 ; 246,179
290,315 ; 248,177
293,313 ; 252,176
297,312 ; 254,175
300,310 ; 257,174
304,308 ; 261,173
308,307 ; 264,172
311,305 ; 266,171
315,304 ; 269,170
319,302 ; 273,168
323,300 ; 276,167
326,299 ; 279,166
330,297 ; 282,165
334,296 ; 286,164
338,294 ; 289,163
342,292 ; 292,162
346,291 ; 295,161
350,289 ; 299,160
354,288 ; 302,159
358,286 ; 306,157
363,285 ; 309,156
367,283 ; 313,155
371,282 ; 316,155
375,280 ; 320,153
380,279 ; 324,152
384,277 ; 328,151
388,276 ; 331,150
393,274 ; 335,149
397,273 ; 339,148
402,271 ; 343,147
406,270 ; 347,146
411,268 ; 352,145
415,267 ; 355,144
420,266 ; 360,143
425,264 ; 364,142
429,263 ; 368,141
434,262 ; 373,140
439,260 ; 377,139
444,259 ; 382,138
449,258 ; 386,137
453,256 ; 392,136
458,255 ; 396,135
463,254 ; 401,134
468,253 ; 406,134
473,252 ; 411,133
478,250 ; 416,132
483,249 ; 422,131
489,248 ; 426,130
494,247 ; 432,129
499,246 ; 438,128
504,245 ; 443,127
509,244 ; 448,127
515,243 ; 454,126

Diameter in mm:

7,337
7,366
7,373
7,354
7,409
7,403
7,433
7,447
7,431
7,463
7,481
7,481
7,514
7,548
7,473
7,508
7,508
7,543
7,482
7,495
7,531
7,531
7,519
7,470
7,458
7,458
7,470
7,458
7,447
7,458
7,447
7,447
7,410
7,361
7,373
7,373
7,373
7,337
7,325
7,337
7,289
7,240
7,315
7,218
7,267
7,218
7,184
7,184
7,212
7,150
7,179
7,132
7,084
7,099
7,068
7,084
7,084
7,053
7,053
7,023
7,023
6,993
6,964
6,982
6,936
6,954
6,954
6,992
6,946
6,920
6,920
6,940
6,894
6,915
6,890
6,890
6,866
6,866
6,821
6,843
6,843
6,820
6,820
6,820
6,798
6,798
6,821
6,731
6,754
6,754
6,709
6,709
6,665
6,642
6,688
6,665
6,642
6,642
6,597
6,597

------------

Mean: 7,138
StandardDeviation: 0,292
