Points:

168,386 ; 105,253
173,383 ; 108,251
177,381 ; 110,250
182,378 ; 113,248
186,376 ; 116,246
191,373 ; 118,244
195,370 ; 121,242
200,368 ; 124,241
204,365 ; 128,239
209,363 ; 131,237
213,360 ; 134,235
218,358 ; 137,233
222,355 ; 141,230
227,353 ; 144,229
232,350 ; 148,227
236,348 ; 153,224
241,345 ; 157,222
245,343 ; 160,220
250,340 ; 164,218
254,338 ; 168,216
259,336 ; 173,213
264,333 ; 178,211
268,331 ; 182,209
273,329 ; 186,207
278,326 ; 192,204
282,324 ; 197,202
287,322 ; 201,200
292,320 ; 207,198
296,317 ; 212,195
301,315 ; 217,193
306,313 ; 223,191
310,311 ; 229,188
315,309 ; 234,186
320,306 ; 240,184
325,304 ; 246,182
329,302 ; 252,179
334,300 ; 258,177
339,298 ; 264,175
344,296 ; 270,172
349,294 ; 278,170
354,292 ; 284,168
359,290 ; 290,166
364,288 ; 297,164
369,286 ; 304,161
374,284 ; 311,159
379,283 ; 318,157
384,281 ; 325,155
389,279 ; 333,153
394,277 ; 339,151
399,275 ; 347,149
404,274 ; 355,147
409,272 ; 361,145
414,270 ; 369,143
420,269 ; 377,141
425,267 ; 385,139
430,265 ; 393,137
435,264 ; 401,136
441,262 ; 409,134
446,261 ; 417,132
451,259 ; 425,131
457,258 ; 433,129
462,256 ; 441,128
468,255 ; 449,126
473,254 ; 458,125
479,252 ; 466,123
484,251 ; 474,122
490,250 ; 482,121
496,249 ; 492,120
501,247 ; 499,119
507,246 ; 509,118
513,245 ; 517,117
519,244 ; 526,116
525,243 ; 534,115
530,242 ; 543,114
536,241 ; 551,113
542,240 ; 560,113
548,239 ; 569,112
554,238 ; 576,112
560,237 ; 585,111
567,236 ; 594,111
573,236 ; 602,110
579,235 ; 611,110
585,234 ; 620,110
592,233 ; 629,110
598,233 ; 637,110
604,232 ; 645,110
611,232 ; 653,110
617,231 ; 662,110
624,231 ; 671,110
630,230 ; 679,110
637,230 ; 688,111
644,229 ; 696,111
650,229 ; 704,111
657,229 ; 713,112
664,229 ; 721,112
671,228 ; 729,113
678,228 ; 738,114

Diameter in mm:

7,358
7,357
7,357
7,359
7,382
7,411
7,393
7,400
7,357
7,409
7,394
7,447
7,447
7,461
7,447
7,461
7,447
7,476
7,463
7,463
7,504
7,463
7,463
7,492
7,463
7,435
7,463
7,435
7,406
7,406
7,378
7,364
7,364
7,295
7,267
7,256
7,229
7,203
7,220
7,144
7,120
7,095
7,047
7,045
6,999
6,999
6,956
6,894
6,874
6,815
6,806
6,788
6,737
6,751
6,705
6,662
6,622
6,597
6,611
6,531
6,561
6,486
6,520
6,493
6,483
6,469
6,462
6,453
6,401
6,401
6,403
6,410
6,416
6,433
6,444
6,413
6,436
6,395
6,423
6,394
6,465
6,452
6,442
6,422
6,452
6,435
6,451
6,455
6,490
6,481
6,473
6,447
6,488
6,486
6,507
6,440
6,441

------------

Mean: 6,917
StandardDeviation: 0,433
